001010
010000
01100001
11100011
10011001
101000
0011111
000111
11111100
1111000
1110010
010101
011011
010010
0101010
111001
01000111
111110
00101101
01010101
101111
0011001
01111101
0001010
1011101
00111100
010011
001100
10101010
011111
00110000
00001000
0110110
111000
01000100
0000100
00111111
100110
00001011
1100001
1111001
1011111
011010
111100
010111
00100100
1000111
01000010
00010011
1110111
000101
000110
10110101
011000
11001010
11101001
11111010
0101100
10000111
01100100
0010001
00011011
11010111
10001001
00110100
1110000
000001
11101011
0100000
101101
00100001
01110010
100010
1100101
101010
0111000
1100010
111011
0011010
0100110
01000000
100000
1000011
101011
1110011
0011011
10100110
10101101
110101
11101101
011110
111101
01001011
0001101
10101100
01001010
0000101
1010010
011100
1000100
