2047
558
2013
2619
836
20
33
71
7372
60
638
581
427
21
315
24
1365
2079
1147
8
1204
434
5893
1323
37
209
936
7743
1595
4
352
83
297
54
87
1463
186
385
45
205
200
1027
200
105
44
80
1394
341
1104
24
90
6762
5015
2403
74
80
1843
32
154
816
391
75
3367
1702
4823
13
1425
837
544
684
7
833
86
3350
126
352
312
1247
3102
5893
690
1121
91
4779
90
3198
1131
87
132
5162
5214
30
355
700
1296
65
34
582
814
531
279
33
7304
1020
1643
575
385
290
56
4268
832
525
110
2730
360
146
50
75
198
182
636
402
572
1881
770
111
35
1742
2703
2990
78
568
2491
83
237
55
1166
12
84
1888
49
112
1416
144
884
70
4345
63
539
1776
448
3080
231
473
4794
238
55
1491
2016
1634
3038
116
216
884
329
62
3038
385
630
340
7178
91
97
1824
1221
944
418
1326
345
332
60
3480
1624
329
138
106
1480
1178
165
196
77
96
861
78
135
748
1122
1245
1881
4615
374
156
34
20
11
693
1539
28
105
18
1739
4895
893
760
133
600
1221
2542
50
132
204
138
12
2365
6370
966
468
276
45
4189
3417
703
76
15
1517
1034
112
455
22
525
290
893
75
1150
4085
345
35
2139
20
42
920
322
33
1343
217
1880
29
348
4095
5612
1081
1078
68
2989
2093
1012
72
1650
3315
276
273
49
182
175
445
675
182
450
1239
475
966
1900
132
657
884
8827
77
52
77
45
759
575
1593
75
2914
88
2730
147
1403
1147
10
4779
858
1534
372
70
248
290
126
286
1222
124
1248
8
6885
4270
611
6794
114
132
1748
324
55
1421
232
3626
56
1710
217
637
426
5005
20
1278
517
4982
315
17
14
2370
494
19
2484
63
1980
13
82
160
329
868
1140
2170
1
26
126
12
560
4947
645
288
518
21
56
30
45
1482
1003
81
4355
275
35
6
1121
114
1127
1358
165
445
14
142
1410
196
2695
3332
94
672
430
494
506
5698
1508
2325
2387
899
1242
204
20
15
420
4653
1020
1178
462
58
3116
305
176
60
104
979
133
99
756
15
2756
26
4416
3230
2291
2871
1258
228
12
522
160
106
74
13
828
33
485
3741
468
1247
11
350
744
680
2542
583
2244
272
336
1702
2623
536
200
1961
55
370
4209
2093
767
1261
1053
2464
720
595
148
58
44
2025
899
1813
1440
170
29
3827
2964
9
141
91
68
4653
325
380
1065
39
1326
2668
3795
6150
510
220
210
5110
2346
42
703
4420
480
1600
5655
110
59
1155
6097
105
33
119
