[179,298];53(295(168(116(_,155(146,165)),26(214(179(_,212(185,_)),219(215,22(_,220(_,25(238,_))))),275(_,282(28(_,280),_)))),38(298,_)),96(92(80(_,90),_),_))
[139,297];48(146(133(123(120,_),139(138,_)),200(155(_,196(187,_)),274(271,297))),9(80(60,89),_))
[32,71];67(135(110(_,125),32(205(186(165(137,_),192(_,194)),248(239,276(267,_))),_)),71(_,94(75(_,82),_)))
[114,153];87(183(128(111(_,114),150(_,153(_,157))),270(244(186(_,241),245),65)),97)
[46,251];52(298(234(180(122(106(103,_),149(126,166)),196(183,225)),251(248(243,_),289(282(28,_),_))),46(3,5(48,_))),86)
[27,130];27(130,_)
[96,6];106(_,96(153(151(109(_,128(117,_)),_),231(16(_,198(172,2(_,207(_,219)))),90(75(240(237,7(254(_,6(293(265(_,281(277,292)),_),61(_,63))),72)),_),_))),_))
[279,109];257(129(109,195(145(_,172),217(_,226(_,236)))),279(277,_))
[245,114];236(12(114,231(128(_,182(13,_)),234)),26(245,8(34,_)))
[199,4];15(137(13,145),286(199(186(172(_,173),193),280(216(_,266(_,276)),_)),47(4(299(293,37),46),93(48(_,85(61(_,76),87)),_))))
[133,125];205(182(16(135(125(110(10,114),133),144),_),_),264(222(_,228(_,234(_,248(_,249(_,254))))),36(290(282(275,_),296),67(48,73))))
[178,181];204(142(_,178(_,181)),48(34,91(54,_)))
[178,201];38(202(178(141(132,_),201(183,_)),237(_,273(_,293))),_)
[202,233];176(175,230(202(_,23(225,_)),233(_,267(236,268(_,297(_,64(35,97(76,_))))))))
[78,72];155(147(122(110(101(_,105(_,106)),_),139(138(13,_),_)),_),36(196(178(16,_),236(211(210,213),243(_,282(247(_,257),_)))),74(72(62,_),78(_,97))))
[286,157];6(141(140(121(113,14),_),292(157(146,161(160,187(183,286(275(27,_),_)))),296)),92(91,_))
[38,103];58(21(125(103(100,_),165(133(_,136),184(_,185))),235(_,42(3(251(239,_),38),49(_,55(_,56))))),96(89,_))
[79,11];155(133(11(_,120),_),244(16(_,227(221,232(_,234))),260(_,298(_,5(37,79(65,_))))))
[36,188];81(102(_,258(139(_,238(153(148,188(186(170,_),204)),241)),65(36(269(_,34),_),_))),89(84,98))
[10,36];163(134(10,156),18(179(176,_),217(202(196,215),36(234(_,25(_,3(286,_))),51(50(40,_),97(72,_))))))
[228,122];137(122(_,125(123,133)),67(281(236(16(138(_,158),220(202(_,219),228)),_),31(288,53(41(35,_),_))),76(73,86)))
[21,219];21(136,265(219(_,231),83(286(_,296),_)))
[276,10];10(_,63(130(103(_,119(_,129)),144(143(133,_),276(261(215(163(161,201(173(_,191(_,200)),_)),241(_,255)),263(_,267)),54(293(_,297),62(55,_))))),94(91,_)))
[241,222];114(104(103,111),75(204(177(142(132,_),19(_,192(_,193))),229(222(207(_,208),_),243(241(231,_),267(266,68)))),_))
[162,157];157(_,162)
[196,235];243(115(_,196(150(119(_,131(13,_)),159(152(_,155),163)),240(20(198(197,_),231(223(216,_),235(234,_))),_))),65(46(280,_),69(_,91(_,97))))
[173,145];241(145(123(118,_),234(173,_)),36(287(282,_),_))
[110,23];63(276(236(23(196(151(110(10,_),_),198),_),260(239,_)),49(43,5)),99)
[169,195];169(145(128,_),34(195,_))
[165,125];165(106(_,154(121(109,125),_)),291(215(_,290(240(23,264(_,275)),_)),78(_,87(8,_))))
[81,211];35(225(14(134(126(114,133),_),148(_,157(_,204(162,211(_,222))))),25(232(_,235),34(250(_,33(277(262,295),_)),_))),89(55(46(45,53),81(64,_)),_))
[21,145];202(160(157(114(_,145),_),_),21(_,251(231(218,_),76(267(_,272),93))))
[47,240];128(119(110,_),150(_,79(170(_,240(2(18,_),3(264,45(_,47(_,70))))),83(_,92))))
[4,235];13(126,298(216(186(137(130,_),195(188,_)),237(235,250(_,255))),82(41(32(_,4),_),97)))
[218,109];229(220(150(109(_,130(114(110,_),135)),162(159,219(212(182(180,193),218),_))),_),32(285,68(35(_,46(_,52(_,61))),76(_,87))))
[75,118];155(118,216(17,75(50(286(264,_),_),_)))
[182,216];182(18(113(111,122(114,126(_,136(_,177)))),_),75(278(23(216,244(237,252)),_),_))
[29,75];198(144(110(_,112(_,137)),18(166(165,170),_)),228(226(200(_,202),_),293(254(245(236,248),260(_,284(_,29))),75(39(35,_),8))))
[109,226];109(_,236(205(111(_,156(130,189(168(163,176),_))),225(213,226)),70(50(268(256(_,261),279),64),97)))
[156,190];59(293(141(_,190(156,244(225(_,23),245))),_),_)
[205,263];260(137(_,205),263(_,95(81(289(280,35),_),_)))
[81,273];81(28(273,_),_)
[101,129];101(_,24(129,52(_,76)))
[216,139];33(139(126(109(_,114),132),184(145(141,166(158(_,159(_,16)),172(_,183))),245(199(_,224(216,225)),271(259,280(28,296))))),76(58,79))
[130,53];130(_,53(247(21(_,236),298(_,35)),64))
[51,189];121(117(112,_),283(196(189(150(132,164),_),248(_,256(_,273(258(_,264),281)))),74(51(287,66),88)))
[184,151];89(80(78(151(108,45(196(173(_,184),_),_)),_),_),92)
[176,79];263(242(110(_,175(_,239(202(176(_,18),_),_))),251),79(287(_,63(_,71)),97))
[170,106];55(287(188(108(106,170),228(221,_)),294),98)
[23,25];25(154(148,2(_,23)),_)
[70,22];258(17(101(_,142(118(11(106,_),_),156)),244(22(202(201,_),242(239,_)),247)),282(26(_,281),61(56(292,_),89(70(_,79),_))))
[169,39];169(110,178(172,39(29,_)))
[277,87];87(277(_,77),_)
[263,295];37(292(220(180(115,_),263(227,_)),295),60(40(39,_),75(68,_)))
[4,156];273(156(139(129,150),236(224(2,_),_)),283(_,92(89(70(53(4(_,50),_),_),_),_)))
[111,142];172(142(111(1(_,11(103,_)),130(_,136)),146(_,149)),273(258(_,26),57(42(296,_),85)))
[260,99];289(143(139(114(1,_),14),210(167(152,178(_,192(180,199))),260(26(246(239(216,_),_),_),282))),66(54(31,_),9(87,99)))
[106,91];53(216(138(134(128(106(102,_),_),_),153(143,186(_,192))),297(223(219,267(257,271(_,291))),47)),91)
[85,275];85(275(124(_,251),5(287,_)),9)
[107,150];13(107,137(_,195(166(147(140,150),181(177,_)),61(246(23(215,243(242,_)),268(259(_,263),32(_,53))),85(63(_,83(71,_)),89(_,97(96,_)))))))
[170,100];121(101(100,12),297(236(163(123,180(170,181(_,230(19,_)))),257(25(_,253(252,_)),28)),82(43(40(30,_),57(5,66(_,8(70,_)))),_)))
[48,64];44(262(162(161(15(140(120(111,_),145),_),_),231(20(176(172,_),219(215,223)),_)),285(276,29(_,31))),61(47(45,48(_,55)),64(_,74)))
[279,21];107(_,11(_,57(210(19(117(_,146),21),52(267(_,279(_,294)),_)),64(63,66(_,74)))))
[203,174];272(103(_,203(165(_,174(_,200)),217)),295(_,6(_,88)))
[14,275];207(112(_,14(_,197)),275(271,78(54,_)))
[78,178];90(38(3(178,_),78),95)
[134,207];56(134(_,207),_)
[144,148];148(144,231(174,243(233,77)))
[75,16];133(113(_,12),182(145(140,150(_,16)),199(_,32(258(225,3(292(_,295),_)),75(73(68,_),94)))))
[88,206];21(206(197(121(_,14(_,159)),_),_),265(217,94(85(_,88),_)))
[124,9];173(157(124,_),22(176,4(255(238(_,247),_),54(_,9))))
[34,225];225(189(161,195),269(239(233,_),34))
[144,204];165(144,56(204(_,299(264(_,292),_)),_))
[191,198];191(114(_,144),89(267(198,_),_))
[87,281];281(161(160,162),87)
[233,240];240(233(223,_),_)
[3,35];63(209(194(146(_,180(_,190(_,193))),20(195,206(200,_))),252(248(226,_),35(34(3(273,_),_),42(_,48(_,57(_,6)))))),91(78(75,_),99(95,_)))
[140,150];231(225(150(140(136,145),22),_),27(245,53(292,58(_,63))))
[146,152];124(_,146(128,48(191(17(162(152,_),_),200(_,247(227,_))),88(57,_))))
[25,127];95(278(146(137(135(127(119,_),_),_),183(154(_,182(164,_)),235(213(205(203,212),219(215,229)),249(_,25)))),289(_,69(5,_))),97)
[290,169];264(198(189(103(_,16(_,169)),_),238(212,243(_,25))),47(42(272(_,291(290,295(_,297))),_),85(_,94)))
[289,90];148(128,90(50(231(23(172(158,229(209,_)),_),280(249,289)),70(52,_)),_))
[44,166];18(126(112(_,117(_,118)),135(129,139(_,166(154,_)))),292(206(197(185,200(198,202)),251(_,262(_,282))),93(30(3,44(36,70(7,_))),96)))
[119,272];272(188(145(13(119(_,126),_),162(154(150,_),_)),214),299(297,41(_,75(_,77))))
[258,219];260(219(18(116(110,164(127(12,133),_)),192),250(_,258)),282(274,_))
[96,22];207(199(185(121(_,162(152,176(_,177))),187),_),38(263(254(22,262),_),71(41,96)))
[87,263];30(297(27(180(161(148(114,_),169),187(_,263(212(196,253),265))),288(283(271,287),_)),_),73(_,75(_,87)))
[236,213];270(14(128(109(103,_),_),237(16(158(152,_),213(170(169,172(_,205)),236)),27(267(259,_),_))),75(297(293,40(_,6(51(_,59),68(_,73)))),82))
[199,18];240(199(18,_),_)
[231,117];116(_,245(176(117(_,130),231(198(_,204),233(_,239))),71(69(39(_,61),_),_)))
[182,213];170(168(154(107(103,_),166),_),86(213(19(182,194),247(22,295(268(256,291(274,_)),65))),95(_,99)))
[262,117];62(21(136(117(10,120),20(139(_,169),_)),219(216(212,_),268(23(_,237(_,262)),4))),67(66,86(78(70,_),_)))
[167,286];99(14(103(100,106(_,134)),213(196(167(145,180(175,182)),201(_,21)),27(258(226(_,249(243,_)),264(262,268)),88(286,_)))),_)
[109,59];155(109,59(250(170(_,22),_),78(73,_)))
[120,82];271(142(11(_,120),210(_,241(220,_))),40(272,82(65(63,77),_)))
[184,109];155(131(117(109,_),134(_,153)),244(186(171(_,184(180,_)),_),48(290(248,32(30,_)),_)))
[289,86];223(101(10,204(130(115(111,_),167(_,198(184,_))),218(209,219))),245(235(231(225,_),241),270(_,76(52(281(271(_,278),282(_,299(289(_,293),_))),_),86))))
[197,31];2(172(136(10,157),184(175,197)),215(207(202(20,_),_),31(267(235(22,_),278(274,286(_,30(292,_)))),41(_,83(66(54(46,62),8(73,_)),_)))))
[95,70];136(114(111,_),95(282(210(207,258),70),_))
[286,257];160(145,44(286(257,_),_))
