12,228,241,236
278,221,177,203,182,195
117,2,217,35,71
230,194,242,130,245,52,66,62
288,80,170
164,149,169,267,226,193,183,186
298,158,146,147
177,174,147,189,37,46,59
191,230,162,146,136
52,90,45,181,231
260,181
245,239,20,25,31,281,282
106,108,119,50,65
11,186,236,263,26,241
71,293,198,184,114,136
141,144,296,220,192,209,205,198
237,297,298,67,23,158,169
227,142,246,94
17,146,170,217,85,76,271,283,42,293
35,39,293,42,186,81
158,199
39,279,275
190,199,176,204,147,248,80,87
298,270,66,264,249,161,189,168,174,182
204,18,213
171,298,89,87,36
97,83,56
189,58,276
40,294,275,202,161
191,225,252,236,247
97,53,226,210,170
104,18,231
261,54,235,12,105
38,25,165,138,158
213,39,185,17
51,9
98,58,42,161,255
107,108
86,278,239,135,130
59,296
144,276,82,39,279,292,3
237,31,217,126,15,138
73,59,110,46,261,157,19,192,235
112,136,177,278,64
24,263,28,295,37
160,186,79,86
87,56
23,272
62,81,87
103,106,109,11,17,72,31,190
219,60
207,212,229
276,282,273,225,204,160,1,145,111
200,270
231,227,261,177
285,250
245,84,236,176,158,155
142,159,160,171,220,69,254,283,256
248,145,147,154
103,54,57,6
14,168
173,161,142,108,106
139,141,156,259,202,241,249
94,96,264,25,110,206,219,214
17,180,181
258,279,206,38,132,73
132,130,143,203,54,63,68,74
36,37,70,82,32,238,261
167,129,187
274,262,164,143,112
59,57,34,279,156,212,26,24
10,104
85,44,224,216,202,147
244,273,214,30,33,69
276,62,95,253,217,173,210,177
16,100,197,250,272,65
96,292,144,223,252,26
5,50,67,34,184,231,197,196
46,152,122,125
198,236,217
254,229,205
48,64,51,56
30,291
112,12,129,163,103,268,46,44
105,14,104,18,195
24,221,2,154,260,35,290
197,290,264
143,47,169,294,226
177,192,175,142,213,133,218
131,158,181,234,271,58,50,278,290,288
171,183,51,268
71,39,296,257,201,243,220,24
11,10
136,93
200,2,12,131,125
78,74
139,156,184,275
27,179,205,18
292,296,40,29,195,226,234
206,190
