179,214,26,168,295,38,298
139,133,146,200,274,297
32,135,67,71
114,111,128,150,153
46,298,234,251
27,130
96,153,231,90,75,240,7,254,6
279,257,129,109
245,26,236,12,114
199,286,47,4
133,125
178,181
178,201
202,230,233
78,74,72
286,187,161,157
38,3,42,235,21,125,103
79,5,298,260,244,155,133,11
36,65,258,139,238,153,188
10,134,163,18,217,36
228,220,16,236,281,67,137,122
21,265,219
276,144,130,63,10
241,243,229,222
162,157
196,240,20,231,235
173,234,145
110,151,196,23
169,34,195
165,106,154,121,125
81,55,89,35,225,14,148,157,204,211
21,202,160,157,114,145
47,45,3,240
4,32,41,82,298,216,237,235
218,212,219,162,150,109
75,216,155,118
182,75,278,23,216
29,284,260,254,293,75
109,236,205,225,226
156,190
205,137,260,263
81,28,273
101,24,129
216,224,199,245,184,139
130,53
51,74,283,196,189
184,173,196,45,151
176,202,239,175,110,242,263,79
170,108,106
23,2,154,25
70,89,61,282,258,17,244,22
169,178,39
277,87
263,220,292,295
4,53,70,89,92,283,273,156
111,142
260,210,143,289,66,9,99
106,128,134,138,216,53,91
85,275
107,13,137,195,166,147,150
170,180,163,236,297,121,101,100
48,47,61,64
279,267,52,210,19,21
203,165,174
14,112,207,275
78,38,3,178
134,207
144,148
75,32,199,182,145,150,16
88,85,94,265,21,206
124,157,173,22,4,54,9
34,269,225
144,165,56,204
191,89,267,198
87,281
233,240
3,34,35
140,150
146,48,191,17,162,152
25,249,235,183,146,137,135,127
290,291,272,42,47,264,198,189,103,16,169
289,280,231,50,90
44,30,93,292,18,126,135,139,166
119,13,145,188,272
258,250,219
96,71,38,263,254,22
87,75,73,30,297,27,180,187,263
236,213
199,18
231,176,117
182,19,213
262,237,23,268,219,21,136,117
167,196,213,27,88,286
109,155,59
120,11,142,271,40,82
184,171,186,244,155,131,117,109
289,299,282,281,52,76,86
197,184,172,2,215,31
95,282,70
286,257
