46
48
46
46
32
41
39
58
35
45
42
45
44
43
46
39
42
48
42
47
39
45
39
45
53
48
57
51
42
42
42
38
51
47
38
52
42
48
48
54
42
55
41
46
44
50
56
57
46
42
42
35
47
41
50
36
37
41
48
45
41
37
46
53
38
47
46
46
45
45
42
52
43
52
51
43
45
35
48
40
35
41
51
39
52
45
45
46
36
46
28
42
47
52
42
48
43
33
52
50
49
47
40
35
44
53
41
53
53
52
51
47
45
40
41
42
49
57
51
31
41
42
48
54
55
49
44
39
52
35
47
46
39
37
48
51
39
48
37
48
51
47
52
55
48
46
44
58
45
38
41
45
44
52
52
51
52
42
53
45
39
53
34
44
49
44
44
48
45
41
41
34
48
51
48
46
42
47
50
45
44
48
52
49
50
47
34
51
38
50
46
49
42
42
48
47
45
40
45
43
52
45
52
46
38
43
34
42
55
40
37
42
44
37
42
42
50
49
43
46
48
33
48
49
50
38
37
39
40
52
37
49
37
42
44
51
41
52
48
41
52
38
42
47
47
43
46
52
41
42
33
40
55
46
39
44
44
55
39
53
36
50
47
45
45
36
41
40
49
47
48
40
49
45
39
41
45
45
47
41
41
54
40
42
40
42
60
44
46
42
49
42
40
40
44
42
46
52
46
36
41
40
50
42
46
44
37
47
48
40
37
47
50
39
38
51
48
52
42
46
41
53
34
43
41
38
45
43
32
44
50
36
33
36
42
32
32
48
42
47
49
49
46
43
50
49
34
44
51
40
49
47
49
44
39
49
43
40
47
52
39
53
48
46
54
55
46
35
61
42
50
46
52
46
50
47
48
45
47
44
51
47
47
34
47
43
44
44
38
48
53
42
38
44
31
47
41
47
40
46
48
37
49
48
48
45
33
49
41
50
40
46
46
54
42
44
41
37
48
40
48
47
50
43
49
38
52
39
49
42
43
47
43
53
43
41
46
49
46
38
48
43
42
49
47
42
43
44
57
64
39
42
45
44
45
39
41
59
52
42
37
45
50
46
48
47
44
35
40
38
45
40
51
47
50
49
47
59
46
43
49
53
46
48
55
57
47
46
46
40
42
37
44
45
49
46
49
45
52
43
38
37
49
42
38
41
50
48
42
41
42
53
46
43
52
43
54
47
47
46
37
52
53
42
48
48
47
53
41
42
48
47
51
48
42
43
36
47
42
45
40
45
63
49
46
45
51
45
39
42
37
46
33
45
42
52
52
42
46
39
38
51
53
42
49
35
48
47
50
40
34
49
55
52
44
53
50
38
45
51
43
44
50
52
51
47
43
59
38
46
41
38
38
52
44
45
40
38
51
41
42
52
42
54
34
46
44
48
40
47
49
41
46
47
40
39
41
38
46
46
44
49
43
48
44
48
44
39
50
47
52
45
45
41
54
52
38
43
48
49
58
50
40
39
49
42
44
47
42
45
46
53
40
49
43
50
42
52
45
47
44
48
38
44
39
43
48
35
46
41
42
56
47
40
38
53
53
42
49
55
47
36
43
44
61
47
52
42
40
46
42
46
41
40
38
42
34
40
48
41
51
58
39
47
44
48
42
39
43
32
43
40
45
44
43
49
39
35
44
50
53
49
51
48
47
53
39
51
42
42
48
50
51
42
46
45
37
52
44
33
50
50
38
48
52
49
46
58
47
34
34
40
46
50
56
48
44
44
34
41
35
38
37
50
46
48
49
47
39
47
42
52
45
37
40
43
43
44
37
53
41
48
41
51
47
52
48
34
52
47
45
48
42
45
37
44
38
41
36
52
45
35
37
37
47
40
39
44
46
38
54
44
37
37
43
49
49
43
38
46
43
52
50
44
33
41
54
48
37
47
45
46
50
46
45
50
47
45
44
34
50
36
44
49
43
45
34
52
49
52
59
42
44
56
45
47
44
51
40
59
46
39
38
44
56
50
46
46
41
46
42
42
44
52
44
42
53
39
50
34
44
49
37
40
36
41
49
45
43
39
42
47
54
47
42
47
51
45
41
36
33
40
39
41
40
43
52
49
41
35
50
39
45
42
44
47
40
40
36
46
44
39
48
48
49
39
51
42
37
46
43
40
47
52
47
47
45
42
46
39
54
44
51
50
42
43
45
41
52
52
41
44
39
38
45
43
49
49
41
44
40
48
37
45
53
46
49
50
40
48
47
47
48
36
51
42
35
47
37
45
56
51
39
50
39
43
54
43
45
40
47
54
55
51
45
55
46
45
43
39
