011011010
100111010
10111000
001000001
111110111
00101101
111100001
01100001
011010110
100010000
100000100
101110101
1000011001
0001101100
11111110
100100111
000111011
101011010
01101101
11100010
01011110
001011001
111111010
00111100
111001111
0000001001
1100111000
010110111
10110000
10011100
001001101
010011011
110011011
0100110010
10111011
0111101111
111110011
000010100
100001100
0101001100
10101101
010011101
11111111
0000000111
0111100101
11110011
00101110
01001111
11110101
00100011
01111011
0000100111
111101000
1010011011
1010101101
00000110
11001111
110010110
1011001111
101011110
1000010111
1100001110
001011100
10010001
0010001111
110001000
000101001
0000011111
010001110
11011001
1111010000
100100010
10010010
110011101
101100111
01010101
0001101000
1111110001
001001111
10000101
101101110
0100101100
0010010011
00010011
01000100
100011011
100100000
1110010001
010111111
0000111101
0110000101
0100001101
11000011
001000000
1101001011
10001000
10101100
10001111
0101010111
1010011010
